Network Sizes:

[
2 20 30 1
]

Network Information:

engine.neural.networks.Feedforward

Initializer Information:

engine.neural.initializers.SymmetricUniform
0.5

Activation Information:

engine.neural.activations.GELU

Cost Information:

engine.neural.costs.MeanSquaredError

Optimizer Information:

engine.neural.optimizers.SGD
0.05

Last Cost:

0.016163487

Weights:

Layer 0:
[
-0.728947 0.77646405 
-0.22283807 -0.33655864 
-1.3147343 0.5444032 
0.8692186 -0.82748616 
-0.041639328 2.2216835 
1.6390474 1.5681874 
-0.1974086 -0.026595147 
-0.31405684 -0.27914083 
-1.1443646 -2.3078048 
0.8300783 -0.10385682 
-0.057799134 0.20463946 
0.052185938 -0.40785438 
2.662124 -1.3750595 
-0.9742418 0.51404434 
0.3059191 -1.0067464 
0.56599116 -0.663107 
0.78363204 0.95893323 
-1.178698 0.2672186 
-0.02603971 -0.026228346 
1.3384296 -0.454066 
]

Layer 1:
[
-0.6930073 0.5349793 -0.39484814 -0.8549677 -0.44253504 0.32087076 -0.3144426 -0.14115067 0.7658298 -0.84023064 -0.212683 0.22534654 -1.15207 -0.43656743 -0.33605868 -0.54867536 -0.30195197 -0.6588013 -0.33288366 -1.1945865 
-0.20866965 -0.17005056 0.46105295 0.21582536 -0.7038224 0.24621393 0.017752226 0.18881963 0.1183508 -0.17999665 -0.37091815 0.32176328 0.23587246 0.27708277 0.2520599 -0.22881153 -0.22289912 0.078091584 -0.05910202 -0.3228774 
-0.27867335 0.25479478 0.06304516 -0.13204588 -0.56901366 -0.24491182 -0.10748924 0.09727347 -0.044207152 -0.50117 0.33502075 -0.3701185 0.26201087 0.42634824 0.13663654 0.14427254 0.23080826 0.48230127 0.413357 0.39430535 
0.49569142 0.020442218 -0.37529463 0.45333666 -0.11883064 0.46131086 -0.37605274 -0.49002576 -0.67835355 -0.21945098 0.16509043 -0.08297071 -0.16355763 0.063414015 0.32826856 0.28209886 -0.39875877 0.34294724 0.48646486 0.371405 
-0.049332153 -0.109212965 0.9712687 0.099159345 1.4237747 -1.4278241 0.311445 -0.32835415 -1.0157247 -0.6723543 -0.15172318 -0.22207451 0.5571352 0.25914365 -0.44959748 0.35349724 -0.62907565 0.818335 0.32274863 -0.2858999 
0.38628787 -0.2971402 0.4737925 -0.24719328 0.19401562 -0.24471143 0.26949194 -0.3452193 0.012224857 -0.10981197 -0.031804282 -0.21316588 -0.3886721 -0.2529671 -0.049864266 0.442789 0.4422853 0.10307617 -0.09395812 -0.08541503 
0.3269621 -0.13840622 -0.28587767 -0.36117622 -0.23267901 -0.21232079 0.17188826 -0.06851829 -0.11535899 -0.19124888 -0.31870517 0.09034697 -0.34700438 0.07012435 0.24279848 0.21399547 -0.17123069 0.27123207 -0.21925515 0.2128508 
-0.06971093 0.14722621 -0.16637982 0.3903067 0.23129173 -0.5180765 0.3208107 -0.042277828 0.28091577 -0.40288168 -0.25903988 -0.38626033 -0.4919785 -0.11497513 -0.11041694 0.045873716 0.3210748 0.19861677 -0.27319214 0.51112497 
0.38594794 0.4857207 -0.062874995 0.2958199 0.089554936 0.28056926 -0.044426374 0.09330902 0.43931246 -0.18527964 -0.025902355 0.37297252 0.3969406 -0.368842 -0.28161982 0.3334374 -0.05429219 -0.42884606 0.06880592 -0.4097451 
0.06423124 0.015909813 -0.37354583 -0.2670708 -0.13464023 0.113634564 -0.20793493 -0.062284257 -0.6437545 -0.26174858 -0.16054708 0.45881096 -0.39576185 0.4637466 0.09598854 0.39381757 0.2353301 0.37190565 -0.4312239 0.3958104 
-0.43564025 0.063174866 0.0119057475 -0.2698072 -0.20508848 -0.0064586746 0.32563698 -0.20520513 0.11254171 0.4933555 -0.30495974 -0.43430424 0.033785537 0.37457678 -0.11727597 0.45768052 -0.46296877 0.43690023 0.44628704 -0.38931432 
0.5854092 0.27108225 0.19998434 0.44074506 0.65677494 -0.97129124 -0.30449402 0.10777905 -0.8516816 -0.05986839 -0.2133065 -0.04500196 -0.098454714 0.31667912 -0.15005875 -0.22140893 -0.5491632 0.3524219 -0.36176738 0.3779725 
0.010423192 -0.2986022 0.35458612 -0.21843076 0.103347704 -0.15476048 0.020624911 0.12309316 -0.23856659 -0.118826784 0.4478565 0.5234081 -0.6723647 0.022564745 0.46310034 -0.016765853 -0.3951721 -0.0874496 -0.15701613 0.101149164 
-0.492823 -0.33778763 -0.23050743 0.011856 -0.29654157 0.15179086 0.15252347 0.31719872 -0.36648217 -0.3650748 -0.27215242 -0.048219234 0.12421438 0.15786159 -0.4400736 0.30776495 0.49305356 0.087122634 0.33052197 -0.002618802 
0.30478165 0.4254525 -0.42835462 -0.21560313 -0.008062844 -0.0017450923 -0.47113907 0.21911415 -0.21141705 0.4257647 -0.23229103 -0.3548074 0.19581038 0.40346453 0.07612691 0.45295787 0.33228403 0.25021338 0.4364832 0.20047583 
0.04374196 0.066447996 0.3557844 0.07523734 -0.53414243 0.07657565 0.06595655 -0.4335096 -0.58487505 -0.022500305 0.07597139 -0.029157909 -0.3091209 0.36808512 -0.21919394 -0.4070375 0.13238145 -0.39402846 -0.36657566 -0.29195365 
0.4751537 -0.43122262 -0.4319643 -0.16632594 -0.24398614 0.17426291 -0.3780143 0.31633934 -0.026813166 -0.009175987 0.24219333 -0.20531137 0.22268465 -0.109867685 0.10566464 0.2855941 0.27486473 -0.4439532 0.41545668 0.43594685 
-0.05029894 -0.22527947 -0.34024864 0.3089927 0.06260485 -0.08672861 -0.25868085 -0.011930286 -0.18510361 0.007888472 -0.15719256 0.38269362 0.20044722 0.38999867 -0.2925914 -0.16025633 -0.27971703 -0.2795425 0.45775148 -0.0739979 
0.22387388 -0.519803 0.079636656 0.22239658 0.008728727 -0.39949363 -0.4653545 0.29216376 -0.28355867 0.11873863 0.12451716 0.47474942 -0.6563782 -0.42144772 0.26058325 0.03789832 0.19263883 -0.450487 0.2191308 -0.31421793 
-0.096344344 0.38052404 -0.21431404 -0.34844276 0.35353994 -0.1509995 -0.39384028 -0.41206175 -0.38067287 -0.24281381 0.16899353 0.34052825 0.47392136 0.1747488 0.018031938 0.3719387 0.44102597 -0.303483 0.29034767 -0.2903917 
-0.033170324 -0.4060021 -0.2728846 -0.25120607 0.07503837 -0.20299233 -0.33176506 0.26390678 0.088581204 0.2385802 0.009596579 0.3034652 0.24127458 0.18328942 -0.43200913 0.10565307 0.35397723 0.27313066 -0.49446952 0.11524036 
0.08366181 0.3589065 -0.2199847 -0.25523403 0.42036092 -0.19334097 -0.40572345 -0.23986644 -0.117376626 -0.041692294 -0.0994373 0.4556318 -0.09195064 0.38174516 -0.34199837 -0.24939859 -0.41634932 0.06756329 0.064796284 -0.12890853 
-0.0114149675 -0.18107289 -0.15233822 0.5328063 0.14597835 -0.6196534 -0.31811735 -0.38232946 -0.95076793 0.21738355 -0.3624759 0.3756331 0.35457197 -0.36165735 0.28791073 0.42290995 -0.621122 -0.30069178 -0.010908021 0.2411059 
-0.01608302 0.07322224 -0.0061340295 0.4171133 -0.23665032 -0.09687727 0.12865704 -0.4024366 -0.23527806 -0.21244328 -0.40147507 -0.19164303 -0.55343395 -0.041723486 0.26961246 0.013421432 0.097030446 0.21609852 -0.4012308 0.36628842 
-0.09063524 -0.3068116 -0.07737491 -0.53714347 0.47987667 -0.38629362 0.26387793 0.369028 0.20431897 -0.15573344 -0.41739976 -0.47440267 0.02669936 0.14891833 -0.06552748 0.043302566 0.22287935 0.3617734 -0.30959514 0.38139218 
-0.6478681 0.23994218 -0.619963 -0.7292716 -0.90213716 1.2656512 0.111272484 0.13934816 -0.44337386 0.3937071 0.0925785 -0.005830857 -1.5937812 -0.6828666 -0.7586238 -0.5903446 0.2511673 0.012354847 0.4590814 -0.25272006 
-0.13580117 0.042867538 -0.49455234 0.3723875 0.07449456 0.17347015 0.30156338 -0.22600012 -0.46508983 -0.27903223 -0.23731649 -0.04016382 0.16283229 -0.4766265 -0.45227784 -0.15579703 -0.49203232 -0.3116537 -0.40991542 0.116486266 
0.17648679 -0.45632496 0.42773813 0.4197068 -0.6359039 -0.22931243 -0.416545 -0.48698556 -0.2592282 -0.08300852 0.35744232 0.34762365 0.1656418 0.24733795 0.032780383 0.5279221 -0.039902475 -0.3948561 0.051805757 0.05633118 
-0.34344825 0.22876072 0.4867198 -0.39369678 -0.34601727 0.29730892 -0.34288457 -0.4497631 0.22513326 0.33473903 0.31340867 -0.31264874 -0.046256363 0.14039914 -0.06366126 -0.031079708 0.36310938 0.15003996 0.30138057 0.20092413 
0.0046525034 -0.37336496 -0.0130355265 -0.09848206 -0.19904421 -0.009654996 -0.19511485 0.31695423 -0.2198216 0.45596516 -0.3508104 -0.30629867 0.71307224 0.29189786 -0.49193224 -0.27759033 0.18130715 0.40506765 -0.3706814 0.563178 
]

Layer 2:
[
0.52289414 0.025907611 0.4107892 -0.21099178 -0.60694134 0.0065329834 0.20798102 0.13037542 -0.07694451 -0.24046727 -0.0031872916 0.61212915 0.41870326 0.11754937 0.017448494 -0.4442152 -0.016523568 0.14721872 0.59646493 0.39789805 0.0984557 0.4236755 -0.6100447 0.32609704 0.27944326 0.4411002 -0.14701435 0.3366223 -0.07023915 0.31922656 
]


Biases:

Layer 0:
[
-0.31307584 
0.21132256 
-0.22956295 
-0.03302298 
0.19341776 
0.2839402 
-0.004632797 
0.11023489 
0.5504801 
0.5473461 
0.15118857 
0.17291008 
-1.8260452 
-0.049614914 
0.065626256 
-0.27061266 
0.110922605 
-0.1433417 
-0.118881516 
0.06393111 
]

Layer 1:
[
0.3917838 
-0.14337611 
-0.19645949 
-0.025223425 
-0.68100715 
-0.034102406 
7.619783E-4 
-0.03526989 
-0.10449869 
-0.04441525 
-0.0059217867 
-0.24672624 
0.056750167 
-0.043597046 
-0.01607484 
0.064688325 
-0.10308159 
0.0015732922 
-0.007608372 
-0.0016802883 
-0.029562669 
0.014823399 
-0.4367796 
-0.032756723 
-0.066837326 
0.32343334 
-0.068889186 
-0.19434704 
-0.08962411 
-0.06428772 
]

Layer 2:
[
-0.39411807 
]


Activations:

Layer 0:
[
-0.42765114 
0.8179087 
]

Layer 1:
[
0.4668997 
0.016059438 
0.6081248 
-0.1513009 
1.985328 
0.69819707 
0.03038411 
0.008209046 
-0.16820036 
0.058286045 
0.21775301 
-0.0782188 
-4.5578265E-5 
0.617647 
-0.16637719 
-0.15389624 
0.39894873 
0.41639262 
-0.057949353 
-0.16681676 
]

Layer 2:
[
-0.13273092 
-0.13944735 
-0.15287815 
-0.019852707 
2.0861473 
0.54130757 
-0.16763945 
-0.0598909 
-0.051840954 
0.022820232 
-0.13152127 
0.77671915 
0.13699535 
-0.16247183 
0.15513423 
-0.11889209 
-0.16988677 
-0.07855688 
-0.15505734 
0.48397097 
0.13615385 
0.6513497 
-0.105734274 
-0.16850017 
0.6375022 
-0.1483438 
-0.16974613 
-0.11340273 
-0.024662064 
0.009144494 
]

Layer 3:
[
-0.16998254 
]


Pre Activations:

Layer 0:
[
0.6336896 
0.031335548 
0.77802706 
-1.0815548 
2.0283341 
0.8656676 
0.058078397 
0.016208485 
-0.84770477 
0.10738841 
0.34329653 
-0.18301243 
-4.0891786 
0.7874301 
-0.88862634 
-1.0550241 
0.5601205 
0.5793187 
-0.1291753 
-0.87983125 
]

Layer 1:
[
-1.2463617 
-1.190185 
-1.0655997 
-0.04104952 
2.121857 
0.71096855 
-0.6499209 
-0.13408338 
-0.11403504 
0.044089943 
-0.36958683 
0.94004023 
0.23158142 
-0.57412213 
0.25781763 
-0.3162837 
-0.7259215 
-0.18396415 
-0.5058963 
0.6516951 
0.23034579 
0.8204367 
-1.4586264 
-0.6698667 
0.80692554 
-1.110285 
-0.71586007 
-1.3991406 
-0.05143396 
0.018029638 
]

Layer 2:
[
-0.768991 
]


